eval_accuracy = 0.7928257686676428
eval_loss = 1.7453338478624263
global_step = 34160
loss = 0.039730612231108776
