eval_accuracy = 0.7945095168374817
eval_loss = 1.6048018574295893
global_step = 25620
loss = 0.04077835041811238
