eval_accuracy = 0.7970717423133236
eval_loss = 1.7375875005031776
global_step = 34160
loss = 0.03949169740102644
