eval_accuracy = 0.81398243045388
eval_loss = 0.4949620224238838
global_step = 5124
loss = 0.3852247827069123
