eval_accuracy = 0.7928989751098097
eval_loss = 1.3996991627441775
global_step = 17080
loss = 0.0475480620284724
