eval_accuracy = 0.7945095168374817
eval_loss = 1.5811833779412634
global_step = 25620
loss = 0.04195095254877142
