eval_accuracy = 0.7925329428989751
eval_loss = 0.8721536240198015
global_step = 8540
loss = 0.12063095107700772
